{
 "cells": [
  {
   "cell_type": "markdown",
   "metadata": {},
   "source": [
    "# Fermipy tutorial - PKS2155-304"
   ]
  },
  {
   "cell_type": "markdown",
   "metadata": {},
   "source": [
    "This tutorial shows how to perform Fermi-LAT analysis with the Fermipy Python package. \n",
    "Many parts of this tutorial are taken directly from the documentation page of Fermipy: [fermipy.readthedocs](http://fermipy.readthedocs.io/en/latest/).\n",
    "I suggest to visit the documentation page to find further informations.\n",
    "\n",
    "Fermipy is a python package created by Mattew Wood and maintained by a wide community of people. Fermipy facilitates analysis of data from the Large Area Telescope (LAT) with the Fermi Science Tools.\n",
    "The Fermipy package is built on the pyLikelihood interface of the Fermi Science Tools and provides a set of high-level tools for performing common analysis tasks:\n",
    "* Data and model preparation with the gt-tools (gtselect, gtmktime, etc.).\n",
    "* Extracting a spectral energy distribution (SED) of a source.\n",
    "* Generating TS and residual maps for a region of interest.\n",
    "* Finding new source candidates.\n",
    "* Localizing a source or fitting its spatial extension.\n",
    "* Perfoming phase analysis\n",
    "* Calculating light curves\n",
    "* Deriving the sensitivity of gamma-ray sources with a specific SED and spatial morphology."
   ]
  },
  {
   "cell_type": "markdown",
   "metadata": {},
   "source": [
    "## Installation"
   ]
  },
  {
   "cell_type": "markdown",
   "metadata": {},
   "source": [
    "Instruction on how to install in SLAC machines or in your laptop Fermipy are available at this page: [fermipy.installation](http://fermipy.readthedocs.io/en/latest/install.html).\n",
    "Fermipy is only compatible with Science Tools v10r0p5 or later. If you are using an earlier version, you will need to download and install the latest version from the [FSSC](https://fermi.gsfc.nasa.gov/ssc/). Note that it is recommended to use the non-ROOT binary distributions of the Science Tools. These instructions assume that you want to run Fermipy on the SLAC machines."
   ]
  },
  {
   "cell_type": "markdown",
   "metadata": {},
   "source": [
    "With these instructions you will create your own Conda installation and you will install all the packages needed to use FermiPy and Science Tools.\n",
    "Using your own Conda installation avoids conflicts with package versions because you build your own environment."
   ]
  },
  {
   "cell_type": "markdown",
   "metadata": {},
   "source": [
    "First grab the installation and setup scripts from the fermipy github repository:"
   ]
  },
  {
   "cell_type": "code",
   "execution_count": 1,
   "metadata": {},
   "outputs": [],
   "source": [
    "# ! curl -OL https://raw.githubusercontent.com/fermiPy/fermipy/master/condainstall.sh\n",
    "# ! curl -OL https://raw.githubusercontent.com/fermiPy/fermipy/master/slacsetup.sh"
   ]
  },
  {
   "cell_type": "markdown",
   "metadata": {},
   "source": [
    "Now choose an installation path. This should be a new directory (e.g. $HOME/anaconda) that has at least 2-4 GB available. We will assign this location to the CONDABASE environment variable which is used by the setup script to find the location of your python installation. To avoid setting this every time you log in it's recommended to set CONDABASE into your .bashrc file.\n",
    "\n",
    "Now run the following commands to install anaconda and fermipy. This will take about 5-10 minutes."
   ]
  },
  {
   "cell_type": "code",
   "execution_count": 2,
   "metadata": {},
   "outputs": [],
   "source": [
    "# export CONDABASE=<path to install directory>\n",
    "# bash condainstall.sh $CONDABASE"
   ]
  },
  {
   "cell_type": "markdown",
   "metadata": {},
   "source": [
    "Once anaconda is installed you will initialize your python and ST environment by running the slacsetup function in slacsetup.sh. This function will set the appropriate environment variables needed to run the STs and python."
   ]
  },
  {
   "cell_type": "code",
   "execution_count": 3,
   "metadata": {},
   "outputs": [],
   "source": [
    "# source slacsetup.sh\n",
    "# slacsetup"
   ]
  },
  {
   "cell_type": "markdown",
   "metadata": {},
   "source": [
    "For convenience you can also copy this function into your .bashrc file so that it will automatically be available when you launch a new shell session. By default the function will setup your environment to point to a recent version of the STs and the installation of python in CONDABASE. If CONDABASE is not defined then it will use the installation of python that is packaged with a given release of the STs. The slacsetup function takes two optional arguments which can be used to override the ST version or python installation path."
   ]
  },
  {
   "cell_type": "code",
   "execution_count": 4,
   "metadata": {},
   "outputs": [],
   "source": [
    "# Use ST 10-00-05\n",
    "# slacsetup 10-00-05\n",
    "# Use ST 11-01-01 and python distribution located at <PATH>\n",
    "# slacsetup 11-01-01 <PATH>"
   ]
  },
  {
   "cell_type": "markdown",
   "metadata": {},
   "source": [
    "The installation script only installs packages that are required by fermipy and the STs. Once you've initialized your shell environment you are free to install additional python packages with the conda package manager tool with conda install <package name>. Packages that are not available on conda can also be installed with pip."
   ]
  },
  {
   "cell_type": "markdown",
   "metadata": {},
   "source": [
    "conda install fermipy"
   ]
  },
  {
   "cell_type": "markdown",
   "metadata": {},
   "source": [
    "conda can also be used to upgrade packages. For instance you can upgrade fermipy to the newest version with the conda update command:"
   ]
  },
  {
   "cell_type": "code",
   "execution_count": 5,
   "metadata": {},
   "outputs": [],
   "source": [
    "# conda update fermipy"
   ]
  },
  {
   "cell_type": "markdown",
   "metadata": {},
   "source": [
    "If you want to make development of Fermipy you should get the github version making:"
   ]
  },
  {
   "cell_type": "code",
   "execution_count": 6,
   "metadata": {},
   "outputs": [],
   "source": [
    "# git clone https://github.com/fermiPy/fermipy.git"
   ]
  },
  {
   "cell_type": "markdown",
   "metadata": {},
   "source": [
    "Then you should create a branch using:"
   ]
  },
  {
   "cell_type": "code",
   "execution_count": 7,
   "metadata": {},
   "outputs": [],
   "source": [
    "# git checkout -b mattia-dev"
   ]
  },
  {
   "cell_type": "markdown",
   "metadata": {},
   "source": [
    "In the branch you can make your development of Fermipy and then use the git commands to merge them to the master repository."
   ]
  },
  {
   "cell_type": "markdown",
   "metadata": {},
   "source": [
    "More informations on how to install Fermipy are available here: [fermipy-install](http://fermipy.readthedocs.io/en/latest/install.html)"
   ]
  },
  {
   "cell_type": "markdown",
   "metadata": {},
   "source": [
    "## Download the raw files\n",
    "\n",
    "The files can be obtained from the [Fermi SSC website](https://fermi.gsfc.nasa.gov/cgi-bin/ssc/LAT/LATDataQuery.cgi). The following data selection choices were made:\n",
    "\n",
    "* Object name or coordinates: 302.25,-44.37\n",
    "* Coordinate system: GAL\n",
    "* Search radius (degrees): 12\n",
    "* Observation dates: 239557417,512994417\n",
    "* Time system: MET\n",
    "* Energy range (MeV): 100,500000\n",
    "* LAT data type: Photon\n",
    "* Spacecraft data: yes\n",
    "\n",
    "The raw data with these selections can be downloaded using wget."
   ]
  },
  {
   "cell_type": "code",
   "execution_count": 8,
   "metadata": {},
   "outputs": [],
   "source": [
    "# # Set up a subdirectory for the data\n",
    "# !mkdir -p SMC_data/PH\n",
    "# !mkdir -p SMC_data/SC\n",
    "\n",
    "# # Download the data and place into the subdirectory\n",
    "# !wget -P ./SMC_data/PH/ https://fermi.gsfc.nasa.gov/FTP/fermi/data/lat/queries/L240613164330AE56FF4635_PH00.fits\n",
    "# !wget -P ./SMC_data/PH/ https://fermi.gsfc.nasa.gov/FTP/fermi/data/lat/queries/L240613164330AE56FF4635_PH01.fits\n",
    "# !wget -P ./SMC_data/PH/ https://fermi.gsfc.nasa.gov/FTP/fermi/data/lat/queries/L240613164330AE56FF4635_PH02.fits\n",
    "# !wget -P ./SMC_data/PH/ https://fermi.gsfc.nasa.gov/FTP/fermi/data/lat/queries/L240613164330AE56FF4635_PH03.fits\n",
    "# !wget -P ./SMC_data/PH/ https://fermi.gsfc.nasa.gov/FTP/fermi/data/lat/queries/L240613164330AE56FF4635_PH04.fits\n",
    "# !wget -P ./SMC_data/PH/ https://fermi.gsfc.nasa.gov/FTP/fermi/data/lat/queries/L240613164330AE56FF4635_PH05.fits\n",
    "# !wget -P ./SMC_data/PH/ https://fermi.gsfc.nasa.gov/FTP/fermi/data/lat/queries/L240613164330AE56FF4635_PH06.fits\n",
    "\n",
    "# !wget -P ./SMC_data/SC/ https://fermi.gsfc.nasa.gov/FTP/fermi/data/lat/queries/L240613164330AE56FF4635_SC00.fits\n",
    "\n",
    "# # Make a file list\n",
    "# !ls ./SMC_data/PH/*PH*.fits > ./SMC_data/PH.txt"
   ]
  },
  {
   "cell_type": "markdown",
   "metadata": {},
   "source": [
    "Note that processing the raw photon and spacecraft files can take multiple hours. Alternatively, you can download the pre-processed data from github."
   ]
  },
  {
   "cell_type": "code",
   "execution_count": 9,
   "metadata": {},
   "outputs": [],
   "source": [
    "#import os\n",
    "#if os.path.isfile('./../data/SMC_data.tar.gz'):\n",
    "#    !tar xzf ./../data/SMC_data.tar.gz\n",
    "#else:\n",
    "#    !wget -P ./../data/ https://raw.githubusercontent.com/fermiPy/fermipy-extras/master/data/SMC_data.tar.gz\n",
    "#    !tar xzf ./../data/SMC_data.tar.gz"
   ]
  },
  {
   "cell_type": "markdown",
   "metadata": {},
   "source": [
    "## Configuration file:"
   ]
  },
  {
   "cell_type": "markdown",
   "metadata": {},
   "source": [
    "The first step is to compose a configuration file that defines the data selection and analysis parameters. Fermipy uses YAML files to read and write its configuration in a persistent format. The configuration file has a hierarchical structure that groups parameters into dictionaries that are keyed to a section name (data, binning, etc.). Below I report a sample of configuration applied for an analysis of the SMC:"
   ]
  },
  {
   "cell_type": "code",
   "execution_count": 10,
   "metadata": {},
   "outputs": [],
   "source": [
    "import os\n",
    "import numpy as np\n",
    "from fermipy.gtanalysis import GTAnalysis\n",
    "from fermipy.plotting import ROIPlotter, SEDPlotter\n",
    "import matplotlib.pyplot as plt\n",
    "import matplotlib"
   ]
  },
  {
   "cell_type": "code",
   "execution_count": 11,
   "metadata": {},
   "outputs": [
    {
     "name": "stdout",
     "output_type": "stream",
     "text": [
      "data:\n",
      "  evfile : './PKS2155_data/PKS2155.lst'\n",
      "  scfile : './PKS2155_data/L211025154921445A2D9929_SC00.fits'\n",
      "#  ltcube : 'ltcube_00.fits'\n",
      "\n",
      "binning:\n",
      "  roiwidth   : 12.0\n",
      "  binsz      : 0.08\n",
      "  binsperdec : 8\n",
      "\n",
      "selection :\n",
      "  emin : 100\n",
      "  emax : 300000\n",
      "  tmin : 241401601\n",
      "  tmax : 257385601\n",
      "  zmax    : 105\n",
      "  evclass : 128\n",
      "  evtype  : 3\n",
      "  target : 'PKS 2155-304'\n",
      "\n",
      "gtlike:\n",
      "  edisp : True\n",
      "  irfs : 'P8R2_SOURCE_V6'\n",
      "  edisp_disable : ['isodiff','galdiff']\n",
      "\n",
      "model:\n",
      "  src_roiwidth : 12.0\n",
      "  galdiff  : '$FERMI_DIFFUSE_DIR/gll_iem_v07.fits'\n",
      "  isodiff  : '$FERMI_DIFFUSE_DIR/iso_P8R2_SOURCE_V6_v06.txt' \n",
      "  catalogs: gll_psc_v16.fit\n",
      "  \n",
      "fileio:\n",
      "  usescratch: False\n",
      "  outdir : PKS2155_data"
     ]
    }
   ],
   "source": [
    "!cat ./PKS2155_data/config.yaml"
   ]
  },
  {
   "cell_type": "markdown",
   "metadata": {},
   "source": [
    "The configuration file has the same structure as the configuration dictionary such that one can read/write configurations using the load/dump methods of the yaml module:"
   ]
  },
  {
   "cell_type": "code",
   "execution_count": 12,
   "metadata": {},
   "outputs": [],
   "source": [
    "import yaml\n",
    "# Load a configuration\n",
    "config = yaml.load(open('./PKS2155_data/config.yaml'), Loader=yaml.FullLoader)\n",
    "# Update a parameter and write a new configuration\n",
    "config['selection']['emin'] = 1000.\n",
    "yaml.dump(config, open('new_PKS_config.yaml','w'))"
   ]
  },
  {
   "cell_type": "markdown",
   "metadata": {},
   "source": [
    "The data section defines the input data set and spacecraft file for the analysis. Here evfile points to a list of FT1 files that encompass the chosen ROI, energy range, and time selection.\n",
    "The parameters in the binning section define the dimensions of the ROI and the spatial and energy bin size.\n",
    "The selection section defines parameters related to the data selection (energy range, zmax cut, and event class/type). The target parameter in this section defines the ROI center to have the same coordinates as the given source.\n",
    "The model section defines parameters related to the ROI model definition (diffuse templates, point sources).\n",
    "Fermipy gives the user the option to combine multiple data selections into a joint likelihood with the components section. For more informations on this visit: http://fermipy.readthedocs.io/en/latest/quickstart.html"
   ]
  },
  {
   "cell_type": "markdown",
   "metadata": {},
   "source": [
    "Note that the setup for a joint analysis is identical to the above except for the modification to the components section.  The following example shows the components configuration one would use to define a joint analysis with the four PSF event types:\n",
    "```python\n",
    "components:\n",
    "  - { selection : { evtype : 4  } }\n",
    "  - { selection : { evtype : 8  } }\n",
    "  - { selection : { evtype : 16 } }\n",
    "  - { selection : { evtype : 32 } }\n",
    "```"
   ]
  },
  {
   "cell_type": "markdown",
   "metadata": {},
   "source": [
    "## Start your run"
   ]
  },
  {
   "cell_type": "markdown",
   "metadata": {},
   "source": [
    "First of all you need to load the configuration file, create the object gta and run the tool gta.setup that implements the ST gtselect, gtmktime, gtbin, gtexpcube, gtsrcmap tools"
   ]
  },
  {
   "cell_type": "markdown",
   "metadata": {},
   "source": [
    "Begin the setup routine. As most of the files are included, only the source-map should be created. Will take ~5min."
   ]
  },
  {
   "cell_type": "code",
   "execution_count": 14,
   "metadata": {},
   "outputs": [
    {
     "name": "stderr",
     "output_type": "stream",
     "text": [
      "2024-09-24 18:20:00 INFO    GTAnalysis.__init__(): \n",
      "--------------------------------------------------------------------------------\n",
      "fermipy version 1.3.0 \n",
      "ScienceTools version 2.2.0\n"
     ]
    },
    {
     "name": "stdout",
     "output_type": "stream",
     "text": [
      "{'Prefactor': 0, 'Index1': 1, 'Scale': 2, 'Cutoff': 3, 'Index2': 4}\n"
     ]
    },
    {
     "name": "stderr",
     "output_type": "stream",
     "text": [
      "2024-09-24 18:20:00 INFO    GTAnalysis.setup(): Running setup.\n",
      "2024-09-24 18:20:00 INFO    GTBinnedAnalysis.setup(): Running setup for component 00\n",
      "2024-09-24 18:20:00 INFO    GTBinnedAnalysis.run_gtapp(): Running gtselect.\n",
      "2024-09-24 18:20:00 INFO    GTBinnedAnalysis.run_gtapp(): time -p gtselect infile=/home/chen/PHYS2015A_fermipy_working/notebooks/PKS2155_data/evfile_00.txt outfile=/home/chen/PHYS2015A_fermipy_working/notebooks/PKS2155_data/ft1_00.fits ra=329.7203063964844 dec=-30.2268009185791 rad=8.985281374238571 tmin=241401601.0 tmax=257385601.0 emin=1000.0 emax=300000.0 zmin=0.0 zmax=105.0 evclass=128 evtype=3 convtype=-1 phasemin=0.0 phasemax=1.0 evtable=\"EVENTS\" chatter=3 clobber=yes debug=no gui=no mode=\"ql\"\n",
      "2024-09-24 18:20:01 INFO    GTBinnedAnalysis.run_gtapp(): This is gtselect version HEAD\n",
      "2024-09-24 18:20:01 INFO    GTBinnedAnalysis.run_gtapp(): Applying filter string: ((EVENT_CLASS&o200) != o0) && angsep(RA,DEC,329.7203064,-30.22680092) < 8.985281374 && ((EVENT_TYPE&o3) != o0) && 1000 < ENERGY && ENERGY <= 300000 && 241401601 < TIME && TIME <= 257385601 && 0 < ZENITH_ANGLE && ZENITH_ANGLE <= 105 && gtifilter()\n"
     ]
    },
    {
     "name": "stdout",
     "output_type": "stream",
     "text": [
      "{'Prefactor': 0, 'Index1': 1, 'Scale': 2, 'Cutoff': 3, 'Index2': 4}\n"
     ]
    },
    {
     "name": "stderr",
     "output_type": "stream",
     "text": [
      "2024-09-24 18:20:01 INFO    GTBinnedAnalysis.run_gtapp(): Done.\n",
      "2024-09-24 18:20:01 INFO    GTBinnedAnalysis.run_gtapp(): Finished gtselect. Execution time: 0.26 s\n",
      "2024-09-24 18:20:01 INFO    GTBinnedAnalysis.run_gtapp(): Running gtltcube.\n",
      "2024-09-24 18:20:01 INFO    GTBinnedAnalysis.run_gtapp(): time -p gtltcube evfile=\"/home/chen/PHYS2015A_fermipy_working/notebooks/PKS2155_data/ft1_00.fits\" evtable=\"EVENTS\" scfile=./PKS2155_data/L211025154921445A2D9929_SC00.fits sctable=\"SC_DATA\" outfile=/home/chen/PHYS2015A_fermipy_working/notebooks/PKS2155_data/ltcube_00.fits dcostheta=0.025 binsz=1.0 phibins=0 tmin=0.0 tmax=0.0 file_version=\"1\" zmin=0.0 zmax=105.0 chatter=2 clobber=yes debug=no gui=no mode=\"ql\"\n",
      "2024-09-24 18:20:01 INFO    GTBinnedAnalysis.run_gtapp(): Working on file ./PKS2155_data/L211025154921445A2D9929_SC00.fits\n",
      "2024-09-24 18:28:48 INFO    GTBinnedAnalysis.run_gtapp(): .....................!\n",
      "2024-09-24 18:28:48 INFO    GTBinnedAnalysis.run_gtapp(): Finished gtltcube. Execution time: 527.18 s\n",
      "2024-09-24 18:28:48 INFO    GTBinnedAnalysis.run_gtapp(): Running gtbin.\n",
      "2024-09-24 18:28:48 INFO    GTBinnedAnalysis.run_gtapp(): time -p gtbin evfile=/home/chen/PHYS2015A_fermipy_working/notebooks/PKS2155_data/ft1_00.fits scfile=./PKS2155_data/L211025154921445A2D9929_SC00.fits outfile=/home/chen/PHYS2015A_fermipy_working/notebooks/PKS2155_data/ccube_00.fits algorithm=\"ccube\" ebinalg=\"LOG\" emin=1000.0 emax=300000.0 enumbins=20 ebinfile=NONE tbinalg=\"LIN\" tbinfile=NONE nxpix=150 nypix=150 binsz=0.08 coordsys=\"CEL\" xref=329.7203063964844 yref=-30.2268009185791 axisrot=0.0 rafield=\"RA\" decfield=\"DEC\" proj=\"AIT\" hpx_ordering_scheme=\"RING\" hpx_order=3 hpx_ebin=yes hpx_region=\"\" evtable=\"EVENTS\" sctable=\"SC_DATA\" efield=\"ENERGY\" tfield=\"TIME\" chatter=3 clobber=yes debug=no gui=no mode=\"ql\"\n",
      "2024-09-24 18:28:48 INFO    GTBinnedAnalysis.run_gtapp(): This is gtbin version HEAD\n",
      "2024-09-24 18:28:49 INFO    GTBinnedAnalysis.run_gtapp(): Finished gtbin. Execution time: 0.28 s\n",
      "2024-09-24 18:28:49 INFO    GTBinnedAnalysis.run_gtapp(): Running gtexpcube2.\n",
      "2024-09-24 18:28:49 INFO    GTBinnedAnalysis.run_gtapp(): time -p gtexpcube2 infile=/home/chen/PHYS2015A_fermipy_working/notebooks/PKS2155_data/ltcube_00.fits cmap=none outfile=/home/chen/PHYS2015A_fermipy_working/notebooks/PKS2155_data/bexpmap_00.fits irfs=\"P8R2_SOURCE_V6\" evtype=3 edisp_bins=-1 nxpix=360 nypix=180 binsz=1.0 coordsys=\"CEL\" xref=0.0 yref=0.0 axisrot=0.0 proj=\"CAR\" ebinalg=\"LOG\" emin=1000.0 emax=300000.0 enumbins=20 ebinfile=\"NONE\" hpx_ordering_scheme=\"RING\" hpx_order=6 bincalc=\"EDGE\" ignorephi=no thmax=180.0 thmin=0.0 table=\"EXPOSURE\" chatter=3 clobber=yes debug=no mode=\"ql\"\n",
      "2024-09-24 18:28:49 INFO    GTBinnedAnalysis.run_gtapp(): This is gtexpcube2 version HEAD\n",
      "2024-09-24 18:28:49 INFO    GTBinnedAnalysis.run_gtapp(): Using evtype=3 (i.e., FRONT/BACK irfs)\n",
      "2024-09-24 18:28:49 INFO    GTBinnedAnalysis.run_gtapp(): ResponseFunctions::load: IRF used: P8R2_SOURCE_V6\n",
      "2024-09-24 18:28:49 INFO    GTBinnedAnalysis.run_gtapp(): event_types:  0  1\n",
      "2024-09-24 18:28:53 INFO    GTBinnedAnalysis.run_gtapp(): Computing binned exposure map....................!\n",
      "2024-09-24 18:28:53 INFO    GTBinnedAnalysis.run_gtapp(): Finished gtexpcube2. Execution time: 3.87 s\n",
      "2024-09-24 18:28:53 INFO    GTBinnedAnalysis.run_gtapp(): Running gtexpcube2.\n",
      "2024-09-24 18:28:53 INFO    GTBinnedAnalysis.run_gtapp(): time -p gtexpcube2 infile=/home/chen/PHYS2015A_fermipy_working/notebooks/PKS2155_data/ltcube_00.fits cmap=none outfile=/home/chen/PHYS2015A_fermipy_working/notebooks/PKS2155_data/bexpmap_roi_00.fits irfs=\"P8R2_SOURCE_V6\" evtype=3 edisp_bins=0 nxpix=150 nypix=150 binsz=0.08 coordsys=\"CEL\" xref=329.7203063964844 yref=-30.2268009185791 axisrot=0.0 proj=\"CAR\" ebinalg=\"LOG\" emin=1000.0 emax=300000.0 enumbins=20 ebinfile=\"NONE\" hpx_ordering_scheme=\"RING\" hpx_order=6 bincalc=\"EDGE\" ignorephi=no thmax=180.0 thmin=0.0 table=\"EXPOSURE\" chatter=3 clobber=yes debug=no mode=\"ql\"\n",
      "2024-09-24 18:28:53 INFO    GTBinnedAnalysis.run_gtapp(): This is gtexpcube2 version HEAD\n",
      "2024-09-24 18:28:53 INFO    GTBinnedAnalysis.run_gtapp(): Using evtype=3 (i.e., FRONT/BACK irfs)\n",
      "2024-09-24 18:28:53 INFO    GTBinnedAnalysis.run_gtapp(): ResponseFunctions::load: IRF used: P8R2_SOURCE_V6\n",
      "2024-09-24 18:28:53 INFO    GTBinnedAnalysis.run_gtapp(): event_types:  0  1\n",
      "2024-09-24 18:28:54 INFO    GTBinnedAnalysis.run_gtapp(): Computing binned exposure map....................!\n",
      "2024-09-24 18:28:54 INFO    GTBinnedAnalysis.run_gtapp(): Finished gtexpcube2. Execution time: 1.43 s\n",
      "WARNING: FITSFixedWarning: RADECSYS= 'FK5 ' \n",
      "the RADECSYS keyword is deprecated, use RADESYSa. [astropy.wcs.wcs]\n",
      "WARNING: FITSFixedWarning: 'datfix' made the change 'Set DATEREF to '2001-01-01T00:01:04.184' from MJDREF.\n",
      "Set MJD-OBS to 54704.000000 from DATE-OBS.\n",
      "Set MJD-END to 54888.999988 from DATE-END'. [astropy.wcs.wcs]\n",
      "2024-09-24 18:28:54 INFO    GTBinnedAnalysis.run_gtapp(): Running gtsrcmaps.\n",
      "2024-09-24 18:28:54 INFO    GTBinnedAnalysis.run_gtapp(): time -p gtsrcmaps scfile=./PKS2155_data/L211025154921445A2D9929_SC00.fits sctable=\"SC_DATA\" expcube=/home/chen/PHYS2015A_fermipy_working/notebooks/PKS2155_data/ltcube_00.fits cmap=/home/chen/PHYS2015A_fermipy_working/notebooks/PKS2155_data/ccube_00.fits srcmdl=/home/chen/PHYS2015A_fermipy_working/notebooks/PKS2155_data/srcmdl_00.xml bexpmap=/home/chen/PHYS2015A_fermipy_working/notebooks/PKS2155_data/bexpmap_00.fits wmap=none outfile=/home/chen/PHYS2015A_fermipy_working/notebooks/PKS2155_data/srcmap_00.fits irfs=\"P8R2_SOURCE_V6\" evtype=3 convol=yes resample=yes rfactor=2 minbinsz=0.05 ptsrc=yes psfcorr=yes emapbnds=no edisp_bins=-1 copyall=no chatter=3 clobber=yes debug=no gui=no mode=\"ql\"\n",
      "2024-09-24 18:28:54 INFO    GTBinnedAnalysis.run_gtapp(): This is gtsrcmaps version HEAD\n",
      "2024-09-24 18:28:54 INFO    GTBinnedAnalysis.run_gtapp(): Using evtype=3 (i.e., FRONT/BACK irfs)\n",
      "2024-09-24 18:28:54 INFO    GTBinnedAnalysis.run_gtapp(): ResponseFunctions::load: IRF used: P8R2_SOURCE_V6\n",
      "2024-09-24 18:28:54 INFO    GTBinnedAnalysis.run_gtapp(): event_types:  0  1\n",
      "2024-09-24 18:28:58 INFO    GTBinnedAnalysis.run_gtapp(): Creating source named 3FGL J2158.8-3013\n",
      "2024-09-24 18:28:58 INFO    GTBinnedAnalysis.run_gtapp(): Creating source named 3FGL J2151.8-3025\n",
      "2024-09-24 18:28:58 INFO    GTBinnedAnalysis.run_gtapp(): Creating source named 3FGL J2159.2-2841\n",
      "2024-09-24 18:28:58 INFO    GTBinnedAnalysis.run_gtapp(): Creating source named 3FGL J2151.6-2744\n",
      "2024-09-24 18:28:58 INFO    GTBinnedAnalysis.run_gtapp(): Creating source named 3FGL J2144.9-3356\n",
      "2024-09-24 18:28:58 INFO    GTBinnedAnalysis.run_gtapp(): Creating source named 3FGL J2213.1-2532\n",
      "2024-09-24 18:28:58 INFO    GTBinnedAnalysis.run_gtapp(): Creating source named 3FGL J2142.2-2546\n",
      "2024-09-24 18:28:58 INFO    GTBinnedAnalysis.run_gtapp(): Creating source named 3FGL J2222.3-3500\n",
      "2024-09-24 18:28:58 INFO    GTBinnedAnalysis.run_gtapp(): Creating source named isodiff\n",
      "2024-09-24 18:28:58 INFO    GTBinnedAnalysis.run_gtapp(): Creating source named galdiff\n",
      "2024-09-24 18:28:59 INFO    GTBinnedAnalysis.run_gtapp(): Generating SourceMap for 3FGL J2142.2-2546 21....................!\n",
      "2024-09-24 18:29:00 INFO    GTBinnedAnalysis.run_gtapp(): Generating SourceMap for 3FGL J2144.9-3356 21....................!\n",
      "2024-09-24 18:29:01 INFO    GTBinnedAnalysis.run_gtapp(): Generating SourceMap for 3FGL J2151.6-2744 21....................!\n",
      "2024-09-24 18:29:01 INFO    GTBinnedAnalysis.run_gtapp(): Generating SourceMap for 3FGL J2151.8-3025 21....................!\n",
      "2024-09-24 18:29:02 INFO    GTBinnedAnalysis.run_gtapp(): Generating SourceMap for 3FGL J2158.8-3013 21....................!\n",
      "2024-09-24 18:29:03 INFO    GTBinnedAnalysis.run_gtapp(): Generating SourceMap for 3FGL J2159.2-2841 21....................!\n",
      "2024-09-24 18:29:04 INFO    GTBinnedAnalysis.run_gtapp(): Generating SourceMap for 3FGL J2213.1-2532 21....................!\n",
      "2024-09-24 18:29:04 INFO    GTBinnedAnalysis.run_gtapp(): Generating SourceMap for 3FGL J2222.3-3500 21....................!\n",
      "2024-09-24 18:29:43 INFO    GTBinnedAnalysis.run_gtapp(): Generating SourceMap for galdiff 21....................!\n",
      "2024-09-24 18:30:12 INFO    GTBinnedAnalysis.run_gtapp(): Generating SourceMap for isodiff 21....................!\n",
      "2024-09-24 18:30:12 INFO    GTBinnedAnalysis.run_gtapp(): Finished gtsrcmaps. Execution time: 77.80 s\n",
      "2024-09-24 18:30:12 INFO    GTBinnedAnalysis.setup(): Finished setup for component 00\n",
      "2024-09-24 18:30:12 INFO    GTBinnedAnalysis._create_binned_analysis(): Creating BinnedAnalysis for component 00.\n",
      "2024-09-24 18:30:17 INFO    GTAnalysis.setup(): Initializing source properties\n",
      "2024-09-24 18:30:22 INFO    GTAnalysis.setup(): Finished setup.\n"
     ]
    }
   ],
   "source": [
    "gta = GTAnalysis('new_PKS_config.yaml')\n",
    "gta.setup()"
   ]
  },
  {
   "cell_type": "code",
   "execution_count": 15,
   "metadata": {},
   "outputs": [
    {
     "name": "stderr",
     "output_type": "stream",
     "text": [
      "2024-09-24 18:31:24 INFO    GTAnalysis.print_model(): \n",
      "sourcename            offset    norm  eflux     index        ts       npred free\n",
      "--------------------------------------------------------------------------------\n",
      "3FGL J2158.8-3013      0.000   2.204  0.000138   1.85       nan       467.3     \n",
      "3FGL J2151.8-3025      1.539   2.031   9.5e-07   4.40       nan        13.5     \n",
      "3FGL J2159.2-2841      1.542   0.393  2.72e-06   1.94       nan         9.0     \n",
      "3FGL J2151.6-2744      2.948   1.013  8.19e-07   2.51       nan         6.2     \n",
      "3FGL J2144.9-3356      4.743   2.950  4.25e-06   2.30       nan        24.5     \n",
      "3FGL J2213.1-2532      5.650   0.351  1.32e-06   2.55       nan        10.1     \n",
      "3FGL J2142.2-2546      5.760   0.364  1.68e-06   2.23       nan         9.0     \n",
      "3FGL J2222.3-3500      6.878   0.394  7.72e-07   2.37       nan         4.6     \n",
      "isodiff                  ---   1.000    0.0301   2.12       nan       472.1     \n",
      "galdiff                  ---   1.000      0.13   0.00       nan       878.3     \n",
      "\n"
     ]
    }
   ],
   "source": [
    "gta.print_model()"
   ]
  },
  {
   "cell_type": "code",
   "execution_count": 16,
   "metadata": {},
   "outputs": [
    {
     "name": "stderr",
     "output_type": "stream",
     "text": [
      "2024-09-24 18:31:34 INFO    GTAnalysis.free_source(): Freeing parameters for 3FGL J2158.8-3013     : ['norm', 'alpha', 'beta']\n",
      "2024-09-24 18:31:34 INFO    GTAnalysis.free_source(): Freeing parameters for 3FGL J2151.8-3025     : ['norm', 'alpha', 'beta']\n",
      "2024-09-24 18:31:34 INFO    GTAnalysis.free_source(): Freeing parameters for 3FGL J2159.2-2841     : ['Prefactor', 'Index']\n",
      "2024-09-24 18:31:34 INFO    GTAnalysis.free_source(): Freeing parameters for 3FGL J2151.6-2744     : ['Prefactor', 'Index']\n",
      "2024-09-24 18:31:34 INFO    GTAnalysis.free_source(): Freeing parameters for 3FGL J2144.9-3356     : ['Prefactor', 'Index']\n",
      "2024-09-24 18:31:34 INFO    GTAnalysis.free_source(): Freeing parameters for 3FGL J2213.1-2532     : ['Prefactor', 'Index']\n",
      "2024-09-24 18:31:34 INFO    GTAnalysis.free_source(): Freeing parameters for 3FGL J2142.2-2546     : ['Prefactor', 'Index']\n",
      "2024-09-24 18:31:34 INFO    GTAnalysis.free_source(): Freeing parameters for 3FGL J2222.3-3500     : ['Prefactor', 'Index']\n",
      "2024-09-24 18:31:34 INFO    GTAnalysis.free_source(): Freeing parameters for isodiff               : ['Normalization']\n",
      "2024-09-24 18:31:34 INFO    GTAnalysis.free_source(): Freeing parameters for galdiff               : ['Prefactor', 'Index']\n",
      "2024-09-24 18:31:34 INFO    GTAnalysis.fit(): Starting fit.\n"
     ]
    },
    {
     "name": "stdout",
     "output_type": "stream",
     "text": [
      "Drm_Cache::update Measured counts < 0 3FGL J2151.8-3025 19 -2.86633e-14 4.66044e-13\n",
      "2.65931 1.80298 1.05619 0.536945 0.237817 0.0924885 0.0319272 0.00991039 0.00270209 0.000648556 0.00013762 2.60488e-05 4.41123e-06 6.54526e-07 8.47181e-08 9.65071e-09 9.69929e-10 8.59364e-11 6.7331e-12 4.66044e-13 \n"
     ]
    },
    {
     "name": "stderr",
     "output_type": "stream",
     "text": [
      "2024-09-24 18:31:35 INFO    GTAnalysis.fit(): Fit returned successfully. Quality:   3 Status:   0\n",
      "2024-09-24 18:31:35 INFO    GTAnalysis.fit(): LogLike:    -8721.929 DeltaLogLike:       24.835 \n"
     ]
    },
    {
     "data": {
      "text/plain": [
       "{'fit_quality': 3,\n",
       " 'fit_status': 0,\n",
       " 'fit_success': True,\n",
       " 'dloglike': 24.83531423709792,\n",
       " 'edm': 0.00014450939796931605,\n",
       " 'loglike': -8721.928683972012,\n",
       " 'covariance': array([[ 1.64517549e-02,  9.98976778e-02,  2.40325744e-03,\n",
       "          1.78549944e-05,  6.47085767e-04, -2.67066184e-04,\n",
       "          8.30831196e-08, -1.14307600e-05,  2.42433636e-05,\n",
       "          1.46352663e-04,  1.36991604e-05, -2.03836407e-07,\n",
       "          1.46957003e-04,  1.48324427e-04,  1.57456561e-04,\n",
       "          1.85504828e-04,  1.59325310e-04,  7.30971390e-05,\n",
       "         -5.86941887e-04,  1.55406169e-04,  5.12244240e-04],\n",
       "        [ 9.98976778e-02,  2.21893970e+00,  1.97025691e-02,\n",
       "          1.28024601e-03,  4.73259364e-03,  4.91550635e-04,\n",
       "          6.16536895e-07, -4.34650389e-05,  3.16358628e-04,\n",
       "          1.09160903e-03,  3.43637380e-04, -5.61991924e-05,\n",
       "          3.82915910e-04,  7.32792720e-04,  9.92266925e-04,\n",
       "          1.65570110e-03,  9.05920776e-04,  1.29155169e-03,\n",
       "         -3.71694712e-03, -2.17909316e-03,  1.98008159e-03],\n",
       "        [ 2.40325744e-03,  1.97025691e-02,  1.22748594e+01,\n",
       "          1.12833651e+00,  9.92676086e-02,  1.80732101e-02,\n",
       "          2.59688596e-06, -2.67872902e-04,  1.14009801e-03,\n",
       "          6.93353464e-03,  2.11476691e-03, -3.41296794e-04,\n",
       "          3.51621637e-03,  5.89362141e-03,  8.49116818e-03,\n",
       "          1.25705259e-02,  1.01716131e-02,  1.04228032e-02,\n",
       "         -2.16857443e-02, -1.83438022e-02, -2.44359378e-03],\n",
       "        [ 1.78549944e-05,  1.28024601e-03,  1.12833651e+00,\n",
       "          1.45250169e-01,  6.82301014e-03,  1.84571319e-03,\n",
       "          1.91534689e-07, -1.12265633e-05,  1.10913125e-04,\n",
       "          4.97916061e-04,  1.91458825e-04, -3.42184097e-05,\n",
       "          1.44234400e-04,  3.34513900e-04,  6.10463874e-04,\n",
       "          8.84139159e-04,  9.07790532e-04,  8.87637687e-04,\n",
       "         -8.13809046e-04, -1.95603981e-03, -1.89187594e-03],\n",
       "        [ 6.47085767e-04,  4.73259364e-03,  9.92676086e-02,\n",
       "          6.82301014e-03,  7.75229130e+00,  3.26029307e+00,\n",
       "         -3.73327093e-07, -1.41316916e-04, -5.53551840e-04,\n",
       "         -3.46710705e-03, -1.36715232e-03,  2.73002273e-04,\n",
       "         -5.01836473e-03, -6.76742395e-03,  6.18797653e-03,\n",
       "          7.89858983e-03,  9.48785074e-03,  7.26126343e-03,\n",
       "         -1.04056149e-02, -1.20010946e-02, -1.30267964e-02],\n",
       "        [-2.67066184e-04,  4.91550635e-04,  1.80732101e-02,\n",
       "          1.84571319e-03,  3.26029307e+00,  2.34778476e+00,\n",
       "         -3.20690134e-07, -1.33292952e-05, -2.76793642e-04,\n",
       "         -1.04776980e-03, -4.25909577e-04,  8.79270701e-05,\n",
       "         -8.52735707e-04, -1.22241019e-03,  1.13012980e-03,\n",
       "          1.46819332e-03,  2.10231910e-03,  1.75445799e-03,\n",
       "         -3.85148045e-04, -4.02050509e-03, -6.14904609e-03],\n",
       "        [ 8.30831196e-08,  6.16536895e-07,  2.59688596e-06,\n",
       "          1.91534689e-07, -3.73327093e-07, -3.20690134e-07,\n",
       "          1.05425153e-07,  1.72528515e-06,  7.80050918e-05,\n",
       "         -4.19701776e-06, -1.41135947e-06,  2.57194235e-07,\n",
       "          8.16284844e-08,  1.19095372e-07,  3.35071206e-07,\n",
       "          4.35757711e-07,  4.95465016e-07,  3.90417183e-07,\n",
       "         -5.22182121e-07, -6.83447220e-07, -7.41297586e-07],\n",
       "        [-1.14307600e-05, -4.34650389e-05, -2.67872902e-04,\n",
       "         -1.12265633e-05, -1.41316916e-04, -1.33292952e-05,\n",
       "          1.72528515e-06,  5.22391048e-04,  3.98184311e-04,\n",
       "          2.19572908e-04,  4.81145863e-05, -6.55453309e-06,\n",
       "         -1.39313102e-05, -1.79224319e-05, -2.04250055e-05,\n",
       "         -2.71563340e-05, -2.33174069e-05, -1.80511452e-05,\n",
       "          6.04273362e-05,  1.52185914e-05, -2.22851748e-05],\n",
       "        [ 2.42433636e-05,  3.16358628e-04,  1.14009801e-03,\n",
       "          1.10913125e-04, -5.53551840e-04, -2.76793642e-04,\n",
       "          7.80050918e-05,  3.98184311e-04,  6.94726926e-02,\n",
       "         -2.41040618e-03, -8.93504554e-04,  1.69855040e-04,\n",
       "          2.94191031e-05,  4.77529034e-05,  1.82200754e-04,\n",
       "          2.34405693e-04,  2.93189587e-04,  2.31258068e-04,\n",
       "         -1.84327681e-04, -4.59394732e-04, -6.34859601e-04],\n",
       "        [ 1.46352663e-04,  1.09160903e-03,  6.93353464e-03,\n",
       "          4.97916061e-04, -3.46710705e-03, -1.04776980e-03,\n",
       "         -4.19701776e-06,  2.19572908e-04, -2.41040618e-03,\n",
       "          8.12126104e-02,  3.12843338e-02, -6.12971335e-03,\n",
       "         -3.27527983e-03, -4.52287840e-03,  5.26541532e-04,\n",
       "          6.91787209e-04,  7.95928974e-04,  6.41730413e-04,\n",
       "         -9.82540326e-04, -1.17395281e-03, -1.10560873e-03],\n",
       "        [ 1.36991604e-05,  3.43637380e-04,  2.11476691e-03,\n",
       "          1.91458825e-04, -1.36715232e-03, -4.25909577e-04,\n",
       "         -1.41135947e-06,  4.81145863e-05, -8.93504554e-04,\n",
       "          3.12843338e-02,  1.64609438e-02, -3.65102470e-03,\n",
       "         -9.14946652e-04, -1.34261602e-03,  1.55159903e-04,\n",
       "          2.21392485e-04,  2.38314882e-04,  2.27503417e-04,\n",
       "         -2.63137748e-04, -4.99041964e-04, -4.44329654e-04],\n",
       "        [-2.03836407e-07, -5.61991924e-05, -3.41296794e-04,\n",
       "         -3.42184097e-05,  2.73002273e-04,  8.79270701e-05,\n",
       "          2.57194235e-07, -6.55453309e-06,  1.69855040e-04,\n",
       "         -6.12971335e-03, -3.65102470e-03,  9.16560306e-04,\n",
       "          1.53793348e-04,  2.30412564e-04, -2.63146998e-05,\n",
       "         -3.70051849e-05, -4.32046310e-05, -4.04247290e-05,\n",
       "          3.34861483e-05,  9.35797955e-05,  1.01267665e-04],\n",
       "        [ 1.46957003e-04,  3.82915910e-04,  3.51621637e-03,\n",
       "          1.44234400e-04, -5.01836473e-03, -8.52735707e-04,\n",
       "          8.16284844e-08, -1.39313102e-05,  2.94191031e-05,\n",
       "         -3.27527983e-03, -9.14946652e-04,  1.53793348e-04,\n",
       "          5.37327706e-02,  4.95950148e-02,  2.41286481e-04,\n",
       "          2.30764487e-04,  4.40493829e-04,  1.98373530e-04,\n",
       "         -3.27144019e-04, -1.12862682e-04, -6.07247904e-04],\n",
       "        [ 1.48324427e-04,  7.32792720e-04,  5.89362141e-03,\n",
       "          3.34513900e-04, -6.76742395e-03, -1.22241019e-03,\n",
       "          1.19095372e-07, -1.79224319e-05,  4.77529034e-05,\n",
       "         -4.52287840e-03, -1.34261602e-03,  2.30412564e-04,\n",
       "          4.95950148e-02,  1.30650369e-01,  3.15251368e-04,\n",
       "          4.23592099e-04,  4.48251204e-04,  3.67962340e-04,\n",
       "         -8.85560884e-04, -4.90208104e-04, -4.28686603e-05],\n",
       "        [ 1.57456561e-04,  9.92266925e-04,  8.49116818e-03,\n",
       "          6.10463874e-04,  6.18797653e-03,  1.13012980e-03,\n",
       "          3.35071206e-07, -2.04250055e-05,  1.82200754e-04,\n",
       "          5.26541532e-04,  1.55159903e-04, -2.63146998e-05,\n",
       "          2.41286481e-04,  3.15251368e-04,  5.67803903e-02,\n",
       "          1.01654156e-01,  9.36683131e-04,  6.38039096e-04,\n",
       "         -6.01626259e-04, -1.07767798e-03, -1.81623360e-03],\n",
       "        [ 1.85504828e-04,  1.65570110e-03,  1.25705259e-02,\n",
       "          8.84139159e-04,  7.89858983e-03,  1.46819332e-03,\n",
       "          4.35757711e-07, -2.71563340e-05,  2.34405693e-04,\n",
       "          6.91787209e-04,  2.21392485e-04, -3.70051849e-05,\n",
       "          2.30764487e-04,  4.23592099e-04,  1.01654156e-01,\n",
       "          2.41832259e-01,  8.09867751e-04,  8.83276182e-04,\n",
       "         -1.87372933e-03, -1.57465870e-03, -3.16639047e-05],\n",
       "        [ 1.59325310e-04,  9.05920776e-04,  1.01716131e-02,\n",
       "          9.07790532e-04,  9.48785074e-03,  2.10231910e-03,\n",
       "          4.95465016e-07, -2.33174069e-05,  2.93189587e-04,\n",
       "          7.95928974e-04,  2.38314882e-04, -4.32046310e-05,\n",
       "          4.40493829e-04,  4.48251204e-04,  9.36683131e-04,\n",
       "          8.09867751e-04,  1.98167813e-01,  2.32213772e-01,\n",
       "          1.03260424e-03, -1.77613397e-03, -6.86397574e-03],\n",
       "        [ 7.30971390e-05,  1.29155169e-03,  1.04228032e-02,\n",
       "          8.87637687e-04,  7.26126343e-03,  1.75445799e-03,\n",
       "          3.90417183e-07, -1.80511452e-05,  2.31258068e-04,\n",
       "          6.41730413e-04,  2.27503417e-04, -4.04247290e-05,\n",
       "          1.98373530e-04,  3.67962340e-04,  6.38039096e-04,\n",
       "          8.83276182e-04,  2.32213772e-01,  5.01751534e-01,\n",
       "         -8.63717729e-04, -1.76733075e-03, -1.84147294e-03],\n",
       "        [-5.86941887e-04, -3.71694712e-03, -2.16857443e-02,\n",
       "         -8.13809046e-04, -1.04056149e-02, -3.85148045e-04,\n",
       "         -5.22182121e-07,  6.04273362e-05, -1.84327681e-04,\n",
       "         -9.82540326e-04, -2.63137748e-04,  3.34861483e-05,\n",
       "         -3.27144019e-04, -8.85560884e-04, -6.01626259e-04,\n",
